0 0.093904 0.110491 0.030482 0.033482
0 0.086037 0.140625 0.046214 0.026786
0 0.201573 0.182478 0.023599 0.041295
0 0.353491 0.126116 0.030482 0.049107
0 0.505408 0.200893 0.033432 0.051339
0 0.565388 0.241071 0.029499 0.031250
0 0.707965 0.388393 0.039331 0.031250
0 0.938053 0.252790 0.035398 0.039062
0 0.868240 0.102679 0.031465 0.053571
0 0.709440 0.629464 0.030482 0.042411
0 0.575221 0.645089 0.037365 0.055804
0 0.672566 0.690848 0.033432 0.037946
0 0.506883 0.516741 0.050147 0.037946
0 0.538840 0.482701 0.035398 0.030134
0 0.508358 0.435826 0.039331 0.039062
0 0.455261 0.411272 0.037365 0.047991
