0 0.087021 0.103795 0.026549 0.026786
0 0.136676 0.174107 0.023599 0.033482
0 0.249263 0.112723 0.022616 0.029018
0 0.328417 0.103795 0.021632 0.037946
0 0.057522 0.169085 0.024582 0.030134
0 0.060472 0.200335 0.026549 0.027902
0 0.044248 0.211496 0.021632 0.021205
0 0.196165 0.233259 0.032448 0.024554
0 0.054572 0.260045 0.024582 0.035714
0 0.132252 0.377232 0.038348 0.024554
0 0.277286 0.379464 0.025565 0.024554
0 0.074730 0.233817 0.027532 0.030134
0 0.084071 0.128906 0.032448 0.023438
0 0.095870 0.157366 0.030482 0.022321
0 0.102753 0.195871 0.030482 0.030134
0 0.083088 0.286830 0.034415 0.024554
0 0.047198 0.286272 0.027532 0.030134
0 0.049656 0.373326 0.030482 0.041295
0 0.042773 0.412946 0.022616 0.031250
0 0.050147 0.437500 0.031465 0.024554
0 0.054081 0.460379 0.031465 0.027902
0 0.167650 0.419085 0.036382 0.023438
0 0.171583 0.500558 0.032448 0.032366
0 0.249754 0.157366 0.027532 0.040179
0 0.388397 0.122768 0.027532 0.037946
0 0.437561 0.092634 0.033432 0.033482
0 0.470501 0.094308 0.024582 0.036830
0 0.492625 0.085938 0.031465 0.026786
0 0.566372 0.119978 0.027532 0.043527
0 0.668633 0.114397 0.023599 0.030134
0 0.793019 0.123326 0.028515 0.027902
0 0.709931 0.089844 0.025565 0.025670
0 0.726647 0.102121 0.023599 0.034598
0 0.938053 0.115513 0.035398 0.030134
0 0.293510 0.130580 0.028515 0.026786
0 0.290069 0.243862 0.037365 0.030134
0 0.315634 0.258929 0.027532 0.029018
0 0.380039 0.202567 0.038348 0.027902
0 0.398722 0.223214 0.020649 0.033482
0 0.479843 0.155692 0.041298 0.034598
0 0.526057 0.171875 0.027532 0.042411
0 0.533923 0.298549 0.025565 0.039062
0 0.428712 0.377790 0.031465 0.023438
0 0.503441 0.404576 0.027532 0.036830
0 0.561455 0.409598 0.025565 0.022321
0 0.341200 0.454799 0.025565 0.025670
0 0.313668 0.501674 0.033432 0.032366
0 0.293510 0.569196 0.032448 0.031250
0 0.104228 0.639509 0.029499 0.040179
0 0.116519 0.727679 0.026549 0.040179
0 0.180924 0.697545 0.029499 0.040179
0 0.180924 0.741071 0.033432 0.031250
0 0.130285 0.780692 0.026549 0.030134
0 0.108161 0.811384 0.021632 0.037946
0 0.284661 0.636161 0.042281 0.024554
0 0.416912 0.483259 0.025565 0.035714
0 0.384956 0.501116 0.030482 0.026786
0 0.353491 0.579241 0.030482 0.029018
0 0.490659 0.467634 0.025565 0.029018
0 0.395280 0.583705 0.027532 0.031250
0 0.381023 0.617188 0.030482 0.029018
0 0.355949 0.655134 0.027532 0.033482
0 0.391839 0.724330 0.024582 0.029018
0 0.427729 0.524554 0.035398 0.024554
0 0.428712 0.549665 0.037365 0.025670
0 0.548181 0.439732 0.026549 0.033482
0 0.538840 0.465402 0.027532 0.040179
0 0.618486 0.435268 0.029499 0.031250
0 0.642085 0.493304 0.027532 0.044643
0 0.616519 0.517857 0.033432 0.035714
0 0.702065 0.526786 0.033432 0.033482
0 0.594887 0.585379 0.039331 0.041295
0 0.571780 0.625558 0.034415 0.030134
0 0.600787 0.636161 0.031465 0.033482
0 0.508358 0.516741 0.025565 0.026786
0 0.482301 0.523438 0.034415 0.026786
0 0.486726 0.553571 0.039331 0.029018
0 0.249754 0.837054 0.041298 0.026786
0 0.443461 0.854353 0.025565 0.032366
0 0.501475 0.803571 0.029499 0.044643
0 0.535398 0.806362 0.036382 0.027902
0 0.557522 0.825893 0.027532 0.040179
0 0.359390 0.898996 0.036382 0.027902
0 0.422812 0.909040 0.027532 0.027902
0 0.400688 0.912388 0.022616 0.016741
0 0.672566 0.634487 0.025565 0.041295
0 0.702557 0.684710 0.036382 0.027902
0 0.697640 0.745536 0.030482 0.031250
0 0.711898 0.880022 0.029499 0.027902
0 0.737463 0.775670 0.029499 0.026786
0 0.772370 0.784040 0.028515 0.027902
0 0.757620 0.857143 0.044248 0.026786
0 0.761554 0.883371 0.034415 0.032366
0 0.790560 0.904018 0.027532 0.037946
0 0.915929 0.899554 0.032448 0.033482
0 0.953294 0.851004 0.040315 0.034598
0 0.875615 0.862165 0.024582 0.041295
0 0.852016 0.823661 0.032448 0.037946
0 0.834317 0.781250 0.028515 0.029018
0 0.949361 0.761161 0.032448 0.033482
0 0.941986 0.806920 0.031465 0.037946
0 0.913471 0.820871 0.035398 0.047991
0 0.752212 0.736049 0.027532 0.041295
0 0.775811 0.719308 0.021632 0.032366
0 0.782694 0.745536 0.037365 0.029018
0 0.943953 0.613281 0.035398 0.041295
0 0.788102 0.563058 0.032448 0.052455
0 0.850541 0.402902 0.027532 0.051339
0 0.882989 0.398996 0.021632 0.043527
0 0.895280 0.371094 0.020649 0.036830
0 0.912488 0.409040 0.025565 0.043527
