0 0.286136 0.083705 0.029499 0.020089
0 0.581613 0.094308 0.050147 0.043527
0 0.910521 0.227679 0.035398 0.040179
0 0.851032 0.260603 0.024582 0.032366
0 0.520649 0.261719 0.028515 0.027902
0 0.805801 0.467076 0.032448 0.041295
0 0.777286 0.479911 0.036382 0.026786
0 0.779744 0.517299 0.031465 0.036830
0 0.589479 0.430804 0.030482 0.042411
0 0.608161 0.493304 0.044248 0.037946
0 0.637660 0.526228 0.030482 0.039062
0 0.676991 0.521205 0.026549 0.026786
0 0.613078 0.609933 0.040315 0.034598
0 0.646509 0.700335 0.036382 0.036830
0 0.747788 0.770647 0.040315 0.032366
0 0.730580 0.829799 0.055064 0.039062
0 0.568338 0.810826 0.035398 0.047991
0 0.562930 0.860491 0.028515 0.044643
0 0.575713 0.905692 0.034415 0.039062
0 0.623402 0.844308 0.027532 0.047991
0 0.660275 0.875558 0.028515 0.034598
0 0.502950 0.659598 0.028515 0.049107
0 0.531957 0.617188 0.025565 0.040179
0 0.410521 0.657366 0.040315 0.042411
0 0.416912 0.547991 0.027532 0.044643
0 0.361357 0.512277 0.038348 0.029018
0 0.412979 0.617188 0.033432 0.037946
0 0.389381 0.619420 0.029499 0.029018
0 0.407080 0.578683 0.031465 0.021205
0 0.459194 0.460938 0.031465 0.035714
0 0.498033 0.434710 0.038348 0.034598
0 0.464602 0.367188 0.042281 0.029018
0 0.471485 0.388951 0.042281 0.030134
0 0.418387 0.374442 0.036382 0.036830
0 0.406588 0.413504 0.032448 0.025670
0 0.394297 0.464286 0.035398 0.040179
0 0.213864 0.391741 0.038348 0.042411
0 0.263520 0.375558 0.025565 0.039062
0 0.281219 0.436942 0.035398 0.032366
0 0.289577 0.479911 0.044248 0.024554
0 0.284169 0.512277 0.031465 0.031250
0 0.308751 0.527344 0.025565 0.039062
0 0.072271 0.536830 0.032448 0.029018
0 0.099803 0.578683 0.038348 0.050223
0 0.136676 0.632812 0.031465 0.035714
0 0.199607 0.621094 0.031465 0.025670
